# GIMP devicerc

(GimpDeviceInfo "Core Pointer"
    (stock-id "gimp-cursor")
    (tool "gimp-airbrush-tool")
    (paint-info "gimp-airbrush")
    (brush "2. Hardness 050")
    (dynamics "Pressure Opacity")
    (pattern "Pine")
    (gradient "FG to BG (RGB)")
    (mode screen)
    (axes 2 x y)
    (keys 0)
    (pressure-curve
        (curve-type smooth)
        (n-points 17)
        (points 34 0.000000 0.000000 -1.000000 -1.000000 -1.000000 -1.000000 -1.000000 -1.000000 -1.000000 -1.000000 -1.000000 -1.000000 -1.000000 -1.000000 -1.000000 -1.000000 -1.000000 -1.000000 -1.000000 -1.000000 -1.000000 -1.000000 -1.000000 -1.000000 -1.000000 -1.000000 -1.000000 -1.000000 -1.000000 -1.000000 -1.000000 -1.000000 1.000000 1.000000)
        (n-samples 256)
        (samples 256 0.000000 0.003922 0.007843 0.011765 0.015686 0.019608 0.023529 0.027451 0.031373 0.035294 0.039216 0.043137 0.047059 0.050980 0.054902 0.058824 0.062745 0.066667 0.070588 0.074510 0.078431 0.082353 0.086275 0.090196 0.094118 0.098039 0.101961 0.105882 0.109804 0.113725 0.117647 0.121569 0.125490 0.129412 0.133333 0.137255 0.141176 0.145098 0.149020 0.152941 0.156863 0.160784 0.164706 0.168627 0.172549 0.176471 0.180392 0.184314 0.188235 0.192157 0.196078 0.200000 0.203922 0.207843 0.211765 0.215686 0.219608 0.223529 0.227451 0.231373 0.235294 0.239216 0.243137 0.247059 0.250980 0.254902 0.258824 0.262745 0.266667 0.270588 0.274510 0.278431 0.282353 0.286275 0.290196 0.294118 0.298039 0.301961 0.305882 0.309804 0.313725 0.317647 0.321569 0.325490 0.329412 0.333333 0.337255 0.341176 0.345098 0.349020 0.352941 0.356863 0.360784 0.364706 0.368627 0.372549 0.376471 0.380392 0.384314 0.388235 0.392157 0.396078 0.400000 0.403922 0.407843 0.411765 0.415686 0.419608 0.423529 0.427451 0.431373 0.435294 0.439216 0.443137 0.447059 0.450980 0.454902 0.458824 0.462745 0.466667 0.470588 0.474510 0.478431 0.482353 0.486275 0.490196 0.494118 0.498039 0.501961 0.505882 0.509804 0.513725 0.517647 0.521569 0.525490 0.529412 0.533333 0.537255 0.541176 0.545098 0.549020 0.552941 0.556863 0.560784 0.564706 0.568627 0.572549 0.576471 0.580392 0.584314 0.588235 0.592157 0.596078 0.600000 0.603922 0.607843 0.611765 0.615686 0.619608 0.623529 0.627451 0.631373 0.635294 0.639216 0.643137 0.647059 0.650980 0.654902 0.658824 0.662745 0.666667 0.670588 0.674510 0.678431 0.682353 0.686275 0.690196 0.694118 0.698039 0.701961 0.705882 0.709804 0.713725 0.717647 0.721569 0.725490 0.729412 0.733333 0.737255 0.741176 0.745098 0.749020 0.752941 0.756863 0.760784 0.764706 0.768627 0.772549 0.776471 0.780392 0.784314 0.788235 0.792157 0.796078 0.800000 0.803922 0.807843 0.811765 0.815686 0.819608 0.823529 0.827451 0.831373 0.835294 0.839216 0.843137 0.847059 0.850980 0.854902 0.858824 0.862745 0.866667 0.870588 0.874510 0.878431 0.882353 0.886275 0.890196 0.894118 0.898039 0.901961 0.905882 0.909804 0.913725 0.917647 0.921569 0.925490 0.929412 0.933333 0.937255 0.941176 0.945098 0.949020 0.952941 0.956863 0.960784 0.964706 0.968627 0.972549 0.976471 0.980392 0.984314 0.988235 0.992157 0.996078 1.000000)))
(GimpDeviceInfo "ELAN Touchscreen"
    (tool "gimp-airbrush-tool")
    (paint-info "gimp-airbrush")
    (brush "2. Hardness 050")
    (dynamics "Pressure Opacity")
    (pattern "Pine")
    (gradient "FG to BG (RGB)")
    (axes 7 x y pressure xtilt ytilt wheel ignore)
    (keys 0)
    (pressure-curve
        (curve-type smooth)
        (n-points 17)
        (points 34 0.000000 0.000000 -1.000000 -1.000000 -1.000000 -1.000000 -1.000000 -1.000000 -1.000000 -1.000000 -1.000000 -1.000000 -1.000000 -1.000000 -1.000000 -1.000000 -1.000000 -1.000000 -1.000000 -1.000000 -1.000000 -1.000000 -1.000000 -1.000000 -1.000000 -1.000000 -1.000000 -1.000000 -1.000000 -1.000000 -1.000000 -1.000000 1.000000 1.000000)
        (n-samples 256)
        (samples 256 0.000000 0.003922 0.007843 0.011765 0.015686 0.019608 0.023529 0.027451 0.031373 0.035294 0.039216 0.043137 0.047059 0.050980 0.054902 0.058824 0.062745 0.066667 0.070588 0.074510 0.078431 0.082353 0.086275 0.090196 0.094118 0.098039 0.101961 0.105882 0.109804 0.113725 0.117647 0.121569 0.125490 0.129412 0.133333 0.137255 0.141176 0.145098 0.149020 0.152941 0.156863 0.160784 0.164706 0.168627 0.172549 0.176471 0.180392 0.184314 0.188235 0.192157 0.196078 0.200000 0.203922 0.207843 0.211765 0.215686 0.219608 0.223529 0.227451 0.231373 0.235294 0.239216 0.243137 0.247059 0.250980 0.254902 0.258824 0.262745 0.266667 0.270588 0.274510 0.278431 0.282353 0.286275 0.290196 0.294118 0.298039 0.301961 0.305882 0.309804 0.313725 0.317647 0.321569 0.325490 0.329412 0.333333 0.337255 0.341176 0.345098 0.349020 0.352941 0.356863 0.360784 0.364706 0.368627 0.372549 0.376471 0.380392 0.384314 0.388235 0.392157 0.396078 0.400000 0.403922 0.407843 0.411765 0.415686 0.419608 0.423529 0.427451 0.431373 0.435294 0.439216 0.443137 0.447059 0.450980 0.454902 0.458824 0.462745 0.466667 0.470588 0.474510 0.478431 0.482353 0.486275 0.490196 0.494118 0.498039 0.501961 0.505882 0.509804 0.513725 0.517647 0.521569 0.525490 0.529412 0.533333 0.537255 0.541176 0.545098 0.549020 0.552941 0.556863 0.560784 0.564706 0.568627 0.572549 0.576471 0.580392 0.584314 0.588235 0.592157 0.596078 0.600000 0.603922 0.607843 0.611765 0.615686 0.619608 0.623529 0.627451 0.631373 0.635294 0.639216 0.643137 0.647059 0.650980 0.654902 0.658824 0.662745 0.666667 0.670588 0.674510 0.678431 0.682353 0.686275 0.690196 0.694118 0.698039 0.701961 0.705882 0.709804 0.713725 0.717647 0.721569 0.725490 0.729412 0.733333 0.737255 0.741176 0.745098 0.749020 0.752941 0.756863 0.760784 0.764706 0.768627 0.772549 0.776471 0.780392 0.784314 0.788235 0.792157 0.796078 0.800000 0.803922 0.807843 0.811765 0.815686 0.819608 0.823529 0.827451 0.831373 0.835294 0.839216 0.843137 0.847059 0.850980 0.854902 0.858824 0.862745 0.866667 0.870588 0.874510 0.878431 0.882353 0.886275 0.890196 0.894118 0.898039 0.901961 0.905882 0.909804 0.913725 0.917647 0.921569 0.925490 0.929412 0.933333 0.937255 0.941176 0.945098 0.949020 0.952941 0.956863 0.960784 0.964706 0.968627 0.972549 0.976471 0.980392 0.984314 0.988235 0.992157 0.996078 1.000000)))
(GimpDeviceInfo "ETPS/2 Elantech Touchpad"
    (stock-id "gimp-cursor")
    (tool "gimp-paintbrush-tool")
    (paint-info "gimp-paintbrush")
    (brush "2. Hardness 050")
    (dynamics "Dynamics Off")
    (pattern "Pine")
    (gradient "FG to BG (RGB)")
    (axes 6 x y pressure xtilt ytilt wheel)
    (keys 0)
    (pressure-curve
        (curve-type smooth)
        (n-points 17)
        (points 34 0.000000 0.000000 -1.000000 -1.000000 -1.000000 -1.000000 -1.000000 -1.000000 -1.000000 -1.000000 -1.000000 -1.000000 -1.000000 -1.000000 -1.000000 -1.000000 -1.000000 -1.000000 -1.000000 -1.000000 -1.000000 -1.000000 -1.000000 -1.000000 -1.000000 -1.000000 0.805654 0.171875 -1.000000 -1.000000 0.957597 0.128906 1.000000 1.000000)
        (n-samples 256)
        (samples 256 0.000000 0.000991 0.001982 0.002973 0.003964 0.004954 0.005945 0.006936 0.007926 0.008916 0.009906 0.010896 0.011885 0.012875 0.013864 0.014852 0.015841 0.016828 0.017816 0.018803 0.019790 0.020776 0.021762 0.022748 0.023733 0.024717 0.025701 0.026684 0.027667 0.028649 0.029630 0.030611 0.031591 0.032571 0.033549 0.034527 0.035504 0.036481 0.037456 0.038431 0.039405 0.040378 0.041350 0.042321 0.043291 0.044260 0.045229 0.046196 0.047162 0.048127 0.049091 0.050054 0.051016 0.051977 0.052936 0.053895 0.054852 0.055808 0.056763 0.057716 0.058668 0.059619 0.060568 0.061517 0.062463 0.063409 0.064352 0.065295 0.066236 0.067175 0.068113 0.069050 0.069985 0.070918 0.071850 0.072780 0.073708 0.074635 0.075560 0.076483 0.077405 0.078325 0.079243 0.080159 0.081074 0.081986 0.082897 0.083806 0.084713 0.085618 0.086521 0.087422 0.088321 0.089218 0.090113 0.091006 0.091897 0.092786 0.093673 0.094557 0.095440 0.096320 0.097198 0.098073 0.098947 0.099818 0.100687 0.101553 0.102418 0.103279 0.104139 0.104996 0.105850 0.106702 0.107552 0.108399 0.109244 0.110086 0.110925 0.111762 0.112597 0.113428 0.114257 0.115084 0.115907 0.116728 0.117546 0.118362 0.119174 0.119984 0.120791 0.121595 0.122396 0.123195 0.123990 0.124783 0.125572 0.126359 0.127142 0.127923 0.128700 0.129475 0.130246 0.131014 0.131779 0.132541 0.133300 0.134055 0.134807 0.135557 0.136302 0.137045 0.137784 0.138520 0.139252 0.139981 0.140707 0.141429 0.142148 0.142863 0.143575 0.144283 0.144988 0.145690 0.146387 0.147081 0.147772 0.148459 0.149142 0.149821 0.150497 0.151169 0.151837 0.152502 0.153162 0.153819 0.154472 0.155121 0.155767 0.156408 0.157046 0.157679 0.158309 0.158934 0.159556 0.160173 0.160787 0.161396 0.162001 0.162602 0.163199 0.163792 0.164381 0.164965 0.165545 0.166121 0.166693 0.167260 0.167823 0.168382 0.168936 0.169486 0.170032 0.170573 0.171109 0.171875 0.171871 0.170857 0.168909 0.166106 0.162525 0.158244 0.153340 0.147892 0.141978 0.135675 0.129060 0.122212 0.115208 0.108127 0.101045 0.094041 0.087192 0.080577 0.074272 0.068356 0.062906 0.058001 0.053718 0.050134 0.047328 0.045377 0.044358 0.044351 0.045432 0.047680 0.051171 0.055985 0.062198 0.069888 0.079133 0.090011 0.102600 0.116977 0.128906 0.154201 0.195573 0.251385 0.319996 0.399770 0.489067 0.586250 0.689680 0.797717 0.908725 1.000000)))
(GimpDeviceInfo "Virtual core XTEST pointer"
    (stock-id "gimp-cursor")
    (tool "gimp-airbrush-tool")
    (paint-info "gimp-airbrush")
    (brush "2. Hardness 050")
    (dynamics "Pressure Opacity")
    (pattern "Pine")
    (gradient "FG to BG (RGB)")
    (axes 2 x y)
    (keys 0)
    (pressure-curve
        (curve-type smooth)
        (n-points 17)
        (points 34 0.000000 0.000000 -1.000000 -1.000000 -1.000000 -1.000000 -1.000000 -1.000000 -1.000000 -1.000000 -1.000000 -1.000000 -1.000000 -1.000000 -1.000000 -1.000000 -1.000000 -1.000000 -1.000000 -1.000000 -1.000000 -1.000000 -1.000000 -1.000000 -1.000000 -1.000000 -1.000000 -1.000000 -1.000000 -1.000000 -1.000000 -1.000000 1.000000 1.000000)
        (n-samples 256)
        (samples 256 0.000000 0.003922 0.007843 0.011765 0.015686 0.019608 0.023529 0.027451 0.031373 0.035294 0.039216 0.043137 0.047059 0.050980 0.054902 0.058824 0.062745 0.066667 0.070588 0.074510 0.078431 0.082353 0.086275 0.090196 0.094118 0.098039 0.101961 0.105882 0.109804 0.113725 0.117647 0.121569 0.125490 0.129412 0.133333 0.137255 0.141176 0.145098 0.149020 0.152941 0.156863 0.160784 0.164706 0.168627 0.172549 0.176471 0.180392 0.184314 0.188235 0.192157 0.196078 0.200000 0.203922 0.207843 0.211765 0.215686 0.219608 0.223529 0.227451 0.231373 0.235294 0.239216 0.243137 0.247059 0.250980 0.254902 0.258824 0.262745 0.266667 0.270588 0.274510 0.278431 0.282353 0.286275 0.290196 0.294118 0.298039 0.301961 0.305882 0.309804 0.313725 0.317647 0.321569 0.325490 0.329412 0.333333 0.337255 0.341176 0.345098 0.349020 0.352941 0.356863 0.360784 0.364706 0.368627 0.372549 0.376471 0.380392 0.384314 0.388235 0.392157 0.396078 0.400000 0.403922 0.407843 0.411765 0.415686 0.419608 0.423529 0.427451 0.431373 0.435294 0.439216 0.443137 0.447059 0.450980 0.454902 0.458824 0.462745 0.466667 0.470588 0.474510 0.478431 0.482353 0.486275 0.490196 0.494118 0.498039 0.501961 0.505882 0.509804 0.513725 0.517647 0.521569 0.525490 0.529412 0.533333 0.537255 0.541176 0.545098 0.549020 0.552941 0.556863 0.560784 0.564706 0.568627 0.572549 0.576471 0.580392 0.584314 0.588235 0.592157 0.596078 0.600000 0.603922 0.607843 0.611765 0.615686 0.619608 0.623529 0.627451 0.631373 0.635294 0.639216 0.643137 0.647059 0.650980 0.654902 0.658824 0.662745 0.666667 0.670588 0.674510 0.678431 0.682353 0.686275 0.690196 0.694118 0.698039 0.701961 0.705882 0.709804 0.713725 0.717647 0.721569 0.725490 0.729412 0.733333 0.737255 0.741176 0.745098 0.749020 0.752941 0.756863 0.760784 0.764706 0.768627 0.772549 0.776471 0.780392 0.784314 0.788235 0.792157 0.796078 0.800000 0.803922 0.807843 0.811765 0.815686 0.819608 0.823529 0.827451 0.831373 0.835294 0.839216 0.843137 0.847059 0.850980 0.854902 0.858824 0.862745 0.866667 0.870588 0.874510 0.878431 0.882353 0.886275 0.890196 0.894118 0.898039 0.901961 0.905882 0.909804 0.913725 0.917647 0.921569 0.925490 0.929412 0.933333 0.937255 0.941176 0.945098 0.949020 0.952941 0.956863 0.960784 0.964706 0.968627 0.972549 0.976471 0.980392 0.984314 0.988235 0.992157 0.996078 1.000000)))

# end of devicerc
